104747794000102
125718982000182
157036782000136
116202491000193
109106583000104
125168416000225
138619045000111
122348660000109
171139406000106
118266812000149
166429895000192
118650374000118
106271659000169
114388501000100
123399329000172
126854315000190
121911839000232
123562663000103
107451278000124
100776908000191
105780473000172
155531925000150
124081864000143
161398244000169
163542443000124
125220515000128
111810823000107
113427325000105
114523129000199
102817838000106
113426263000109
113265251000140
114809233000144
106207421000174
118521249000108
115726871000164
120854792000179
104938406000170
117249111000139
115037934000175
105724814000192
112829954000190
122503365000171
105596740000156
105797158000158
105303491000163
120302756000100
107047561000195
123303090000195
117643407000130
115279665000234
105301431000101
115362875000100
100279531000408
104175027000176
140440067000161
120156590000153
111508551000187
125456112000182
133994649000124
105106945000106
116163057001385
122720791000167
178636974000315
116695068000253
107065870000198
124701538000191
105936089000116
103500173000167
103092799000181
103866544000129
118479675000120
101360251000140
116571865000148
112797978000105
103107256000190
183661074000104
103724613000160
121200503000180
124512772000170
142805804000108
100618841000167
103741609000100
102244592000112
152997491000190
151508661000163
167041111000460
117626541000122
173413601000361
121274139000101
100413707000120
118209965000154
106752049000268
102015588000182
117161241000115
104159816000113
171102370000188
102901290000170
171045363000191
186703337000180
117774738000109
104680660000111
135181726000152
122020994000221
197526363000105
118170894000123
105597131000111
117217670000167
141321243000109
111818166000136
113751109000102
108186404000123
105388674000129
166872888000160
102907540000189
116849231000104
114269616000177
123376933000183
101959772000380
107481452000181
103069914000105
122272481000127
117875154000391
102447120000167
117609594000135
109059117000115
126178111000186
109465868000131
120319873000179
117080406000124
117185786000161
117245234000100
161074506000130
103681572000171
155474001000160
125573708000162
123776416000100
117167727000160
107231825000166
120734694000106
103384037000159
102028263000134
109182985000198
125798596000148
108942613000150
110739240000166
138616017000140
100673500000194
107858383000182
104561957000168
114472059000197
101858876000136
122624739000107
122022953000193
102591818000909
100195326000545
160691250000147
121866694002168
110553888000143
118786988000121
106030675000160
114428705000119
107470010000130
134075739000184
167379149000102
100148726000338
150737766000121
111465834000199
109456668000201
132677726000150
110905780000172
119537752004616
102111436000183
184429737000114
114660887000159
176295344000137
161891255000186
108107711000171
111736275000104
114512528000154
132428294000143
101380464000133
118457601000193
107981039000186
107779536000104
132987234000160
107299244000166
106286431000142
121448345000182
124509940000179
127545044000153
119957336000175
184224648000131
125450139000168
101520248000146
105896729000101
124429020000140
121889230000123
108007677000163
126634281000128
191023168000178
100458131000117
106356680000167
157485484000123
114416933000179
107544518000135
127735866000105
115697767000199
126389015000187
122221500000196
111006293000130
119377663000158
103033142000143
110498974000109
125526166000177
103300974000189
102513526000109
110375859000139
126250021000159
124245515000110
103377337000100
112055813000168
105581668000193
107850730000120
116917216000156
117861245000106
104518259000180
135029057000106
110999918000140
122095505000110
108004362000162
100703697000167
158284647000172
101766704000132
124102660000141
110899464000135
108466816000117
110934803000177
124478220000193
104565289000147
138743738000111
109565296000162
123244166000159
128133979000195
123697750000160
116624611009873
115719060000136
108725760000178
125395435000103
105316175000126
110864089000198
116464644000170
148487292000165
117825375000193
104972569000412
113529868000125
137222395000187
113375030000124
116898413000175
122938445000150
121539122000120
119848316000166
117846440000167
105759157000119
102528559000114
102904657000109
127406222000165
108986734000101
127991707000163
103482042000102
102915473000144
160456407000150
127986120000166
126626879000175
108037621000151
120177415000142
105563868000113
162835962000118
116435589000190
127436720000150
180685515000101
111035672000159
114397809000103
146179149000180
128263909000151
110399001000104
101646611000174
110993391000146
107748235000105
105114055000146
100298503000195
104735602000148
104942888000132
101120386000138
112850427000168
172907900000128
172109960000103
110774213000124
120492641000118
104656883000143
155330229000186
108322300000107
101170691000134
117236864000100
126736241000197
107504171000105
104718457000197
106696007000176
197536998000185
135514312000106
124371526000146
126689595000128
121311444000118
104943624000101
123105302000120
102831172000132
101664949000159
100680845000175
113533311000168
124358417000199
169901460000197
102983056000139
127893690000101
110866549000117
120176127000173
129719294000198
111389291000178
103224713000127
116543677000106
125915190000106
126711350000150
192856905000186
107851862000177
111269887000134
126061808000172
110246135000195
101240677000160
110250433000159
120129023000108
111699534000174
101224326000165
102108023000140
107783926000301
105044834000112
115730110000186
111411629000140
122077244000105
105852501000110
111679021000100
158973662000128
105800256000601
114425683000133
114965356000174
121946256000166
107029586000166
112513140000142
111612135000124
109522995000125
104179120000159
100258553000149
117245051000186
109340979000111
168162002000110
140847352000100
102876918000124
105753265000184
105300197000106
126608351000173
103341743000113
127638553000120
110547742000195
106242066000174
106171343000103
109405789000135
108589429000178
127049866000143
113500865000169
106978350000294
112131444000145
113480559000108
113314290000190
123274300000164
126873446000114
103752709000131
131432792000105
135814343000174
123097438000135
197824362000139
112090769000127
133228024000151
104002665000195
168420678000167
126594883000107
105528196000105
133452400000278
126573045000149
145514273000192
113336998000141
110597809000104
138756680000140
102693750000111
111628466000152
107146090000172
106050608000107
181193336000110
113407500000194
115690516000182
113822351000120
100141392000109
122384244000158
118511742000147
125272987000124
127415823000134
137020260000139
122965888000130
119362207000215
110227389000166
111293416000161
125417270000123
110864690000180
105887876000115
107880049000125
134058255000127
110780552000113
114533058000105
106255692000103
102770029000188
113086108000190
104053143000112
116583312000105
173550121000180
120320503000151
176430438000171
124425009000102
128397286000100
128423363000159
115392365000186
104875587000133
100594590000128
161532198000149
113238173000194
133871336000260
107664409000151
125974158000193
167954404000195
160991965000115
108250412000191
101323940000184
193168805000120
113504076000104
104889603000147
127295384000173
113140574000107
104141824000132
103894312000184
127938023000106
117008369000143
136931301000186
117737052000148
105457176000190
128049283000185
105389441000140
101783999000155
110765379000184
119091951000141
122724746000180
112517704000115
108065022000141
104784802000190
117738064000197
100138806000140
102714977000104
100379186000131
112078431000150
123700658000101
103715819000123
118123640000154
112910981000193
109140970000167
121595094000169
121441029000189
106042007000152
118622449000157
183847048000167
107388206000180
128452435000196
126907731000109
191992206000109
103203941000110
123571217000157
101173188000132
121545371000129
112530862000105
120649744000149
100793189000117
107481844000140
116505554000180
102060801000178
115747923000189
102193737000101
108385685000143
108664280000144
186735925000104
107091149000172
101447124000182
128509164000168
103535825000107
109010803000100
115011601000177
101856738000118
144865657000197
102834982000142
135917970000130
117258229000123
120433765000122
104048102000138
103177498000150
108008655000118
110918900000176
100006037000127
107711619000153
101408880000100
169346856000110
131334600000110
124841654000106
112231057000180
114602269000152
157998064000140
111196462000142
120893863000142
119050907000193
105037706000141
113619970000111
120410412000107
123271638000162
104742665000121
101141032000170
104334333000108
103071894000107
127920112000117
116655009000170
100090638000160
104023387000152
110599119000186
126074993000130
107666823000108
115450156000141
127513425000150
106885146000148
114631782000171
126991341000160
105100708000138
109306896000106
103387396000160
110999280000147
135790856000192
123176407000170
127764700000109
190733502000114
102144077000160
102533755000187
113246893000100
106165667000120
107216054000219
117623583000100
107142160000386
149682396000193
109067820000175
103785066000122
104632856000130
117216052000100
104410878000156
127234927000142
109339927000125
132500597000120
101643840000135
127946778000144
113552622000174
113286474000193
130527486000181
100133418000177
154067160000187
100257167000132
121674529000160
126377972000193
103657773000133
119967165000165
104248801000121
113866295000125
133261721000104
104175061000140
100400146000124
121757490000145
112431452000107
124934158000105
109112454000129
103602144000106
103565176000189
107366656000171
106048777000102
118545716000130
122562800000139
122378133000139
121812969000137
126265371000199
128578036000176
102562655000189
172824485000149
103254082000512
150371889000191
103119862000126
160062296000105
112520520000104
113932073000163
103244722000422
107780779000154
114467380000183
111896322000187
106301772000140
100182213000181
107800739000127
107686448000150
105591321000121
106878030000181
102338904000157
107971772000110
109248450000172
107715251000100
105865272000178
110502188000120
127038662000107
122519401000195
104833541000151
128061846000150
106951432000164
104781168000132
120221639000104
106943861000190
103080479000101
103772229000213
105323051000178
103287268000144
132324875000135
115684294000195
110824634000112
115584938000173
171258032000130
118019078000113
120021566000107
121172887000175
129148738000182
116501060000209
125187746000187
128592093000100
105128867000140
113605741000148
121682957000135
111641178000138
119089534000164
116580936000179
100310006000165
112775131000120
100834920000105
111792709000193
105860594000124
107534303000133
111306137000195
100339246000192
118387893000135
166455536000100
151657543000117
102429547000132
125463423000179
100095530000160
104447683000180
167972679000151
123438720000139
129472498000177
129197997000101
110444029000116
126175152000119
118889809000181
127296575000150
112656026000171
120009629000100
116832651000188
108654123000158
131258456000180
129589151000109
115046269000186
138886685000198
125356869000102
102717784000107
127740452000166
105727390000110
112783542000167
100730709000142
123757902000172
103518704000149
123440871000121
101440377000124
110397443000111
101453070000168
120222798000123
126095623000189
115086377000182
103989716000151
102435301000416
107448949000106
113027878000162
117413469000155
112787399000181
108022277000127
116722934000177
119850176000160
115411218000106
103772576000165
103769599000110
122547686000178
153347844000170
120748314000184
108830352000186
117535716000196
127630446000156
109069145000113
112415650000187
104003780000184
111719486000210
116617789000164
111368424000120
117043927000101
107019231000196
138742698000193
119965053000175
124042686000141
117210219000118
105956090000102
121012190000137
107323111000188
126356119000195
105169858000106
114953723001353
117551787000182
147959697002725
110288906000107
126956163000136
137179425000110
103973097000107
171195218000197
110896443000166
124013278000676
119289761000133
104365288000159
107011302000104
139384664000137
107600033000111
112444252000199
106140234000110
129956923000101
126233064000126
101466091002161
112556730000152
108165642000403
110821805000150
129422835000111
128989696000140
117458523000189
114591413000100
100138798000132
109664782000138
126534454000136
161381943000104
191628487000107
120905939000102
122267354000130
117075381000170
105684180000191
120642331000132
100979021000109
119371252000155
102064565000168
113492207000172
107777738000109
110347407000143
110563391000297
117550470000202
116883887000143
101485079000150
100063054000104
102783643000184
119400787000107
106138105000198
122029345000100
129032231000169
101346979000117
123657705000181
119896986000158
107450031000193
118060525000188
124151517000140
117664682000130
120612827000163
103992003000147
103462826000160
105333907000196
110981905000143
106354976000149
193272003000165
109291273000107
103982400000138
114792095000138
167714667000127
106328947000102
155474522000117
105615674000114
135654901000181
115357727000106
114440687000190
104563672000166
126137065000177
173395469000140
101328030000194
104331188000101
174503871000164
125095994000106
110759168000139
116668813000194
128898045000144
104854120000298
118246327000103
107314360000107
117170416000150
102942289000193
187101119000139
131458515000163
103913346000179
114073438000104
137056132000145
105988286000189
105540409000114
110449534000153
118961346000111
119011529000139
127893382000186
109582876000168
105811033000135
109831033000158
104732840000280
109489617000197
107803583000138
103753945000172
170059985000106
100179280000147
110214465000107
122687094000151
101475178000151
121508240000171
179011862000170
123774268000186
109644597000181
131639543000187
117031209000115
133345109000110
105500934000106
132423575000103
132287542000183
122704850000103
144436906000129
102476488000153
125218356000127
104745130000104
114732712000100
122975116000189
108783869000161
115174411000170
107520458000110
117262405000109
119181925000104
107395207000151
146335885000180
103142520000127
105337875000369
119199289000148
101060307000140
128571381000188
106231638000110
107228258000199
130998464000108
107235800000130
110983698000166
185194652000167
110219897000100
102782963000110
120800575000104
100482840000138
125217393000110
131082930000165
175758615000180
121206040000164
107311870000120
105621174000195
121638758000120
107399059000143
104763524000195
148622567000126
107649811000167
106204244000172
114959979000304
117893964000109
168571041000171
128678749000101
125116073000174
186755667000110
103013093000187
128640396000150
126231775000161
122234856000164
131908089000112
114551496000104
100289348000140
137249299000122
121490586000190
129933922000133
108482949000187
123505902000185
122283390000197
101183645000170
108155708000123
106095564000131
158833997000140
102074242000155
111242706000186
119719750000146
180896194000194
106992809000123
104580911000196
127138333000138
104624947000124
108365527000121
107152262000110
103886190000184
118747453000141
121634929000142
106573554000164
117651118000182
124496670000109
104374350000179
107278463000169
118521942000180
125244147000158
153678264000165
100808152000115
124727471000164
107585769000168
110971350000159
118484378000173
139622121000100
112414982000147
107832066000197
105547430000141
120586692000109
122268951000189
104452037000101
100070112000623
178956968000183
113461680000192
127053196000139
122060255000182
120474710000160
122761584000150
107355267000140
119862375000199
105473134000143
114488773000173
117042833000118
111711842000178
107612000000191
100095795000169
121203712000188
118076823000166
104176445000188
109284974000119
104836264000130
109027664000119
127332431000101
119004038000160
106921681000107
119690413000173
125286080000114
110459994000162
122084494000172
110310752000293
103958504000107
104132350000162
119439643000164
119566020000152
126159517000111
132062092000120
123863463000182
109623500000154
160480357000146
100131200000183
105033844000152
106214736000149
125358772000120
101534080000128
109558069000100
102961711000158
111402607000114
123172122000160
121577171000158
130253011000144
119503759000115
107774364000178
145100138000109
118688481000135
118715014000157
173380073000120
125291999000104
108428765000139
106880229000144
100541642000106
144170801000170
119804032000178
114288794000145
193720464000153
120369601000183
109600794000107
120885584000137
108380701000105
118323709000193
111589050000172
125420696000136
103572137000109
107052569000140
102559046000170
109688218000155
133284303000132
101549753000113
110718935000161
104459235000105
104029023000180
113159112000131
123380829000162
113593309000265
111197326000177
110506942000108
117991114000143
100430271000187
115521713000178
101393833000122
152500287000112
113944545000106
100673788000105
117577230000110
118848896000129
164397490000194
166806555000133
102465343000157
184683887000150
111321229000144
104614281000123
117261509000190
133874108000162
124712182000191
103807587000133
108613049000121
121318524000103
113360276000122
182646332000102
121289889000149
127061242000141
110680755000138
119464076000104
119175143000162
111273147000171
118514920000193
123563417000168
109274824000124
134121202000103
102052511000182
164422892000100
103446902000144
103052564000328
124299584000106
121976879000181
107442852000188
102072737000145
106864561000115
105522129000183
160625829000101
102145908000119
149266786000182
104784711000155
109045079000141
110522077000185
106023259000134
116783162000183
195453239000123
106346446000159
108314044000106
182986985000130
127886716000194
105570154000132
126821003000180
103342704000130
105969344000127
120898276000570
111180428000180
105758531000161
141705476000105
110159462000100
122055835000181
138701645000124
117511734000138
100258246000168
152645009001206
118261828000169
101837374000129
180456700000124
117919649000375
103633516000161
176491836000106
121615459000170
126388732000194
103720882001200
104571242000196
112482538000169
198102650000142
122837288000196
102693967000121
115265967000172
113282213000103
109518863000120
126715802000171
115296043000133
106052336001822
100427579000173
171356166000193
108668202000118
132005949000170
109098419000100
127803588000178
130701636000121
118244097000143
107606538000193
120375784000140
108448073000152
111836454000113
127820486000160
104134357000113
110542212000154
104048863000190
150699404000193
109601938000131
121520979000107
101976860000802
108787281000186
108076873000190
138736278000102
132388413000181
100982872000100
101554604000142
114591576000185
118761396000155
104521258000194
120700859000110
105861932000142
103814203000100
111722085000138
103515056000177
175517151000110
103082643000110
103644084000194
130483642000150
121970167000155
100740161000111
108212356000109
129177122000130
106321409000196
177910487000174
171379812000138
103127201000142
114289396000143
100745364000109
110453906000115
130240931000128
115332534000192
113689715000145
120875007000164
125041482000159
115145811000158
109089356000118
182858903000504
109340235000105
103300998000138
110928558000195
112309843000153
127170917000190
181800849000141
104551794001376
136804268000123
105197601000150
149151483000114
119829498000128
104770386000171
102028121000177
109444117000139
102028121000509
102028121000258
117708302000111
171243034000155
110234917000104
135353525000195
131433895000181
111136174000100
177501286000113
173398646000142
143030998000180
160476884000187
146020301000269
102433981000196
107766479000110
131936640000131
118029867000135
101240682000172
177738639000101
116613061000164
113195973000175
107756651000155
113773581000146
131053227000129
120488064000190
106110511000142
110738352000100
108251644000164
104717475000154
126417750000157
112387832000191
112612851000174
105342379000131
108262762000178
111888702000170
117312448000143
125165477000158
108555864000181
118207935000109
100674988000174
105023670000147
106888683000141
119684227000121
110326152000132
103203091000231
101056417000139
105159996000104
160332749000168
168062827000163
124906206000143
111111860000119
100777858000167
116539926000190
113419616000143
104671431000130
190180910000196
108794658000124
116778279000179
131824740000176
113229187000141
112550675000193
105035532000188
108950231000178
128098875000197
117495999000190
113605176000119
102125218000106
114310435000147
121560153000163
123720396000147
101866908000145
131448600000140
123458897000105
126438194000103
128059320000136
106885515000100
102715858000168
107152014000170
122749014001389
109400807000196
142772152000152
143060078000104
118625570000132
122798010000157
114058823000182
149062458000164
110510590000156
102176615000107
102457732000130
105936964000160
131759672000109
102457732000211
174116534000114
104902979000144
102457732000300
102012662000107
107742089000100
110570028000118
119046025000154
119046025000235
121866570000139
122934328000118
100888572000159
121487382000108
132799773000176
108687885000150
121134516000107
161278388000181
179115358000110
111834147000101
119382418000139
112219310000180
123322556000108
144860740000173
171613996000159
104959158000225
125047663000192
104632102000180
107973007000139
121849120000219
108021418000197
115043222000169
130080462000127
119697992000186
170220389000166
100163903000193
125271628002520
102018417000107
105849430000104
104211357000170
162550256001606
100795423000145
106088039000199
102011086000507
124466428000192
121765518000196
110586940000168
118979708000444
111666105000109
132804322000180
108194989000123
123563189000126
129983942000119
112680052000135
102955426000124
123089748000108
101522071000117
109719752000181
105648257000178
108190343000178
138729463000242
101595799000179
120172701000115
127579948000108
178632767000120
108927552000151
104828273000180
108980148000141
118173370000196
103153810000176
176080738000178
127819008000130
106912834000150
111654306000188
119555101000157
122752045000155
102849393000138
107467424000100
102390435000115
110415226000107
185667947001509
165744344000312
144335701000157
159990622000238
131702947000330
129178865000124
144335701000238
144335701000408
128124704000195
176710649000249
112609001000117
121581284000127
102195445000108
153135232000113
131206531000169
112628257000171
181342172000145
132204464000106
126606458000182
114387308000227
